time (s)	theta (A)	maj axis/z0	min axis/z0	crossing#mod 255
4338.975595	324.200775	-0.622987	-0.008621	73
4341.031263	324.335754	-0.619632	-0.008613	75
4343.093874	324.653412	-0.615535	-0.009055	77
4345.164416	325.167053	-0.611072	-0.009362	79
4347.230120	325.808838	-0.628946	-0.008730	81
4349.284360	325.248444	-0.649651	-0.006762	83
4351.326746	324.197693	-0.662673	-0.005757	85
4353.373899	323.761963	-0.670506	-0.005603	87
4355.430374	324.016785	-0.679682	-0.006650	89
4357.497253	324.353302	-0.693629	-0.006957	91
4359.568145	326.445618	-0.739078	-0.100000	93
4361.632604	326.646545	-0.729034	-0.100000	95
4363.691706	145.063400	0.740560	0.005392	97
4365.751170	324.949432	-0.757819	-0.003886	99
4367.808421	144.743576	0.775584	0.002744	101
4369.863768	144.518494	0.791331	0.002403	103
4371.920439	144.334106	0.807667	0.002287	105
4373.979040	144.178589	0.824457	0.001986	107
4376.038591	144.113235	0.839363	0.001492	109
4378.096848	144.064163	0.855902	0.000997	111
4380.153003	144.098373	0.873014	0.000282	113
4382.206952	144.157043	0.891458	-0.000257	115
4384.258376	144.454254	0.911237	-0.000380	117
4386.307472	145.119873	0.926160	-0.001314	119
4388.362331	145.391144	0.937532	-0.002267	121
4390.426976	144.899887	0.950990	-0.002945	123
4392.494088	144.061783	0.975389	-0.004291	125
4394.557499	143.748764	0.998341	-0.004860	127
4396.617664	143.689087	1.019850	-0.003721	129
4398.675638	143.835388	1.038339	-0.003655	131
4400.728009	144.172806	1.055151	-0.004257	133
4402.777627	144.623871	1.073731	-0.005101	135
4404.831340	144.880066	1.087130	-0.005690	137
4406.888510	144.833832	1.099294	-0.005676	139
4408.946784	144.663239	1.112688	-0.006408	141
4411.005258	144.455872	1.129003	-0.006549	143
4413.063506	144.277039	1.146278	-0.006691	145
4415.121008	144.150452	1.162291	-0.006713	147
4417.178815	144.062897	1.177981	-0.007090	149
4419.236442	144.098541	1.195156	-0.007214	151
4421.294853	144.040710	1.212607	-0.007594	153
4423.354433	144.078690	1.227004	-0.008117	155
4425.417148	144.220490	1.241788	-0.008501	157
4427.480213	144.595322	1.259443	-0.008882	159
4429.540824	145.034851	1.278975	-0.008969	161
4431.598053	145.356781	1.294637	-0.010475	163
4433.653168	144.858841	1.310512	-0.011681	165
4435.706669	143.892487	1.318629	-0.012210	167
4437.759004	143.353668	1.323336	-0.011863	169
4439.811567	143.276230	1.331041	-0.011063	171
4441.867804	143.536392	1.341288	-0.011314	173
4443.927029	143.871902	1.351195	-0.012057	175
4445.987589	144.052048	1.364902	-0.012690	177
4448.047426	144.238724	1.378103	-0.013288	179
4450.106251	144.310074	1.390694	-0.013565	181
4452.164370	144.400146	1.403270	-0.014280	183
4454.221630	144.415329	1.412947	-0.014800	185
4456.278279	144.379929	1.424105	-0.015278	187
4458.334879	144.255753	1.428860	-0.015423	189
4460.390840	144.189560	1.438924	-0.016215	191
4462.445588	144.178955	1.448442	-0.016001	193
4464.499520	144.194733	1.454587	-0.016431	195
4466.553188	144.337524	1.457857	-0.016672	197
4468.607096	144.556366	1.457398	-0.017000	199
4470.663149	144.575836	1.458466	-0.017740	201
4472.722066	144.188766	1.464827	-0.018638	203
4474.782170	143.726959	1.479204	-0.019527	205
4476.843358	143.524277	1.498028	-0.020299	207
4478.902671	143.644028	1.510158	-0.020337	209
4480.960266	143.843567	1.516744	-0.020119	211
4483.016835	143.892532	1.520565	-0.019806	213
4485.071918	143.931519	1.527675	-0.020098	215
4487.125537	143.989944	1.532878	-0.020365	217
4489.179219	144.027527	1.536804	-0.020915	219
4491.233394	144.061401	1.538140	-0.021224	221
4493.288642	144.020279	1.538754	-0.021489	223
4495.344532	143.944901	1.541954	-0.022074	225
4497.401398	143.890747	1.547508	-0.022549	227
4499.458376	143.804810	1.552961	-0.022833	229
4501.515647	143.746628	1.557813	-0.023065	231
4503.573637	143.767776	1.564466	-0.023315	233
4505.632468	143.928253	1.570580	-0.023613	235
4507.691418	144.171143	1.576686	-0.023974	237
4509.750261	144.561432	1.584036	-0.024297	239
4511.808137	144.946915	1.593043	-0.025279	241
4513.864387	144.931320	1.600622	-0.026475	243
4515.919104	144.341080	1.608219	-0.026934	245
4517.972937	143.484482	1.605728	-0.027167	247
4520.026475	142.843414	1.600025	-0.027287	249
4522.079707	142.620361	1.596787	-0.026803	251
4524.133990	142.763962	1.596094	-0.026463	253
4526.189850	142.947388	1.600099	-0.026222	255
4528.247257	143.134644	1.605851	-0.026645	1
4530.304762	143.261810	1.611969	-0.027210	3
4532.362052	143.334763	1.618963	-0.027195	5
4534.418937	143.377823	1.626563	-0.027494	7
4536.475625	143.418884	1.632031	-0.027848	9
4538.531862	143.417725	1.634192	-0.028071	11
4540.587650	143.450928	1.635367	-0.028286	13
4542.643028	143.485977	1.634464	-0.028386	15
4544.698282	143.531494	1.633480	-0.028789	17
4546.754081	143.517502	1.631288	-0.028986	19
4548.810978	143.383423	1.632563	-0.029790	21
4550.869223	143.100052	1.638973	-0.030249	23
4552.928765	142.808273	1.648552	-0.030814	25
4554.988183	142.736267	1.663829	-0.031128	27
4557.047132	142.958145	1.669281	-0.031566	29
4559.104858	143.125473	1.673353	-0.031281	31
4561.162261	143.368790	1.672621	-0.031438	33
4563.217996	143.402710	1.672785	-0.031417	35
4565.273495	143.390167	1.676769	-0.031546	37
4567.328198	143.311722	1.678429	-0.031451	39
4569.383015	143.231110	1.679679	-0.031637	41
4571.438344	143.433060	1.682969	-0.032026	43
4573.493564	143.147949	1.676732	-0.031815	45
4575.549359	143.145294	1.675078	-0.032277	47
4577.605675	143.171616	1.672703	-0.032549	49
4579.662639	143.248611	1.670503	-0.032877	51
4581.720225	143.405472	1.664974	-0.033098	53
4583.777763	143.655579	1.658309	-0.033314	55
4585.835144	143.879684	1.655423	-0.033829	57
4587.891698	144.015549	1.653191	-0.034428	59
4589.947292	143.827164	1.653212	-0.035021	61
4592.001505	143.276657	1.656881	-0.035458	63
4594.054866	142.580368	1.657981	-0.035960	65
4596.107879	142.056778	1.651446	-0.036257	67
4598.161315	141.773163	1.647339	-0.036284	69
4600.215217	141.788147	1.643218	-0.036116	71
4602.270057	141.871536	1.640661	-0.036109	73
4604.325814	142.004822	1.640034	-0.036285	75
4606.381842	142.058975	1.638081	-0.036453	77
4608.438128	142.108810	1.639115	-0.036651	79
4610.494171	142.191406	1.636174	-0.037056	81
4612.549956	142.195831	1.633605	-0.036805	83
4614.605625	142.292816	1.632200	-0.036912	85
4616.661524	142.244583	1.628233	-0.037502	87
4618.717315	142.230667	1.624048	-0.037789	89
4620.773467	142.157669	1.619934	-0.038450	91
4622.830180	142.025513	1.617969	-0.038774	93
4624.887982	141.842880	1.615860	-0.039187	95
4626.946385	141.720444	1.614694	-0.039529	97
4629.005051	141.776413	1.613404	-0.039550	99
4631.063577	142.029861	1.603792	-0.039871	101
4633.120893	142.282516	1.602445	-0.040101	103
4635.177629	142.383377	1.600663	-0.040170	105
4637.233328	142.431564	1.599080	-0.040490	107
4639.288193	142.430389	1.599039	-0.040588	109
4641.343082	142.381592	1.597892	-0.041457	111
4643.397937	142.298294	1.596927	-0.041304	113
4645.453163	142.223557	1.594089	-0.041436	115
4647.508654	142.170761	1.591238	-0.041781	117
4649.564748	142.248856	1.588512	-0.042309	119
4651.621175	142.277344	1.585091	-0.042575	121
4653.678036	142.434723	1.580766	-0.042930	123
4655.735011	142.613174	1.576853	-0.043546	125
4657.791661	142.819275	1.576120	-0.044611	127
4659.847950	142.848831	1.576751	-0.045289	129
4661.903238	142.657822	1.578063	-0.045689	131
4663.957911	142.219391	1.579151	-0.046436	133
4666.011427	141.581009	1.578800	-0.046874	135
4668.064721	141.025436	1.577196	-0.047148	137
4670.117868	140.626831	1.572881	-0.047476	139
4672.171624	140.474808	1.569443	-0.047471	141
4674.225986	140.434875	1.565400	-0.047456	143
4676.280898	140.495056	1.561846	-0.047788	145
4678.336495	140.532227	1.560944	-0.048063	147
4680.392154	140.582886	1.559818	-0.048493	149
4682.447984	140.637924	1.555703	-0.048680	151
4684.503842	140.641174	1.550882	-0.048961	153
4686.559568	140.667374	1.547089	-0.048865	155
4688.615431	140.654785	1.546035	-0.049148	157
4690.671675	140.598511	1.545904	-0.049626	159
4692.728461	140.370544	1.545330	-0.050453	161
4694.785758	140.398453	1.543595	-0.051261	163
4696.843836	140.449814	1.545063	-0.051741	165
4698.901933	140.502457	1.540850	-0.052109	167
4700.960133	140.738907	1.539310	-0.052985	169
4703.018035	140.859222	1.532821	-0.052781	171
4705.075325	141.216827	1.528421	-0.053925	173
4707.131602	141.306427	1.524583	-0.053983	175
4709.187206	141.378082	1.525732	-0.054553	177
4711.242365	141.294418	1.523288	-0.054755	179
4713.297600	141.223648	1.522434	-0.055119	181
4715.352724	141.245926	1.519486	-0.055351	183
4717.408221	141.264984	1.513336	-0.056379	185
4719.464176	141.185959	1.509618	-0.056439	187
4721.520364	141.346786	1.506137	-0.057083	189
4723.576727	141.364731	1.502940	-0.057711	191
4725.633100	141.517181	1.503427	-0.058751	193
4727.689370	141.567749	1.502203	-0.059415	195
4729.744855	141.462296	1.501633	-0.060164	197
