crossing time (s)	slope (V/s)	crossing number
5814.036681	3.748369	4831
5815.077813	3.647741	4832
5816.090905	3.331121	4833
5817.135965	2.954029	4834
5818.143874	3.328582	4835
5819.198763	3.636561	4836
5820.211606	3.856405	4837
5821.262848	3.204744	4838
5822.273605	3.533652	4839
5823.319690	3.222464	4840
5824.332513	3.712008	4841
5825.380706	3.303729	4842
5826.387435	4.301722	4843
5827.440341	4.118209	4844
5828.448959	4.608534	4845
5829.498731	4.196219	4846
5830.508576	4.429492	4847
5831.556830	4.112307	4848
5832.567506	4.077550	4849
5833.614506	4.097178	4850
5834.628466	4.217521	4851
5835.673399	4.615810	4852
5836.691620	4.846318	4853
5837.728511	5.305117	4854
5838.752039	5.158187	4855
5839.782269	5.257107	4856
5840.815469	5.480168	4857
5841.836272	4.725899	4858
5842.880193	5.121624	4859
5843.885609	3.476253	4860
5844.938040	4.067542	4861
5845.946454	4.202607	4862
5846.998259	4.126837	4863
5847.999762	4.997626	4864
5849.058570	4.648056	4865
5850.060021	5.088307	4866
5851.117650	5.032980	4867
5852.118902	4.920382	4868
5853.174161	5.211278	4869
5854.175710	4.656317	4870
5855.230060	4.818336	4871
5856.236398	4.735430	4872
5857.287293	5.104613	4873
5858.291699	5.232069	4874
5859.345434	5.226962	4875
5860.349248	5.303719	4876
5861.400688	5.302078	4877
5862.405767	5.414817	4878
5863.460070	5.328524	4879
5864.465748	5.294286	4880
5865.518977	5.723350	4881
5866.519633	5.366907	4882
5867.577091	5.503034	4883
5868.576985	5.400685	4884
5869.634004	5.327608	4885
5870.634747	5.482483	4886
5871.688053	5.315923	4887
5872.693072	5.659071	4888
5873.745584	5.649379	4889
5874.753328	5.485450	4890
5875.798783	5.939712	4891
5876.814257	5.593435	4892
5877.854822	6.085343	4893
5878.875432	5.870532	4894
5879.904834	6.166151	4895
5880.938875	6.165384	4896
5881.959483	6.064751	4897
5882.993215	6.178331	4898
5884.012543	5.859149	4899
5885.055045	6.186099	4900
5886.070058	5.817458	4901
5887.110737	5.987795	4902
5888.123236	5.870592	4903
5889.168869	5.914192	4904
5890.180022	5.818300	4905
5891.224159	5.852968	4906
5892.238407	5.758861	4907
5893.282220	5.815891	4908
5894.292444	5.932023	4909
5895.340488	6.087276	4910
5896.349293	5.959481	4911
5897.395258	6.160775	4912
5898.407385	6.030111	4913
5899.452201	6.140015	4914
5900.463471	6.209106	4915
5901.508460	6.511217	4916
5902.521712	6.218086	4917
5903.560952	6.547061	4918
5904.581692	6.423216	4919
5905.614740	6.707347	4920
5906.639471	6.452735	4921
5907.670896	6.656310	4922
5908.699426	6.613407	4923
5909.724016	6.336302	4924
5910.760016	6.599176	4925
5911.774797	6.137874	4926
5912.818200	6.270252	4927
5913.829124	6.037940	4928
5914.878144	6.196886	4929
5915.881602	6.232677	4930
5916.934853	5.975692	4931
5917.936782	6.399542	4932
5918.992967	6.300378	4933
5919.994787	6.350359	4934
5921.047972	6.319341	4935
5922.050215	6.327834	4936
5923.102310	6.303002	4937
5924.109222	6.232150	4938
5925.161491	6.457351	4939
5926.166587	6.408375	4940
5927.216855	6.541617	4941
5928.222231	6.532281	4942
5929.272590	6.549971	4943
5930.278537	6.473795	4944
5931.328408	6.497788	4945
5932.334324	6.605315	4946
5933.384463	6.693074	4947
5934.388736	6.621564	4948
5935.440004	6.560940	4949
5936.446157	6.485437	4950
5937.497776	6.419633	4951
5938.501287	6.673476	4952
5939.552986	6.497226	4953
5940.558166	6.518990	4954
5941.607565	6.546614	4955
5942.618263	6.781008	4956
5943.660313	6.840308	4957
5944.674762	6.651072	4958
5945.715580	7.125760	4959
5946.736651	6.866207	4960
5947.768323	7.244377	4961
5948.796871	7.005110	4962
5949.820396	6.897673	4963
5950.853851	7.147519	4964
5951.875723	6.874709	4965
5952.913239	7.231146	4966
5953.931340	6.678143	4967
5954.971664	7.053351	4968
5955.985879	6.795352	4969
5957.026083	7.001713	4970
5958.038599	6.735394	4971
5959.083025	6.921915	4972
5960.095333	6.684621	4973
5961.138014	6.968652	4974
5962.152730	6.798394	4975
5963.193158	6.969456	4976
5964.207759	6.855878	4977
5965.252065	7.125310	4978
5966.265763	6.943492	4979
5967.304554	7.409944	4980
5968.321259	6.964876	4981
5969.359726	7.254919	4982
5970.380013	6.964938	4983
5971.416183	7.389273	4984
5972.436550	7.142199	4985
5973.470357	7.391355	4986
5974.496864	7.260692	4987
5975.522976	7.365909	4988
5976.554274	7.404175	4989
5977.575058	7.175157	4990
5978.614372	7.252057	4991
5979.630267	6.841201	4992
5980.670416	7.116593	4993
5981.681777	6.914477	4994
5982.730859	6.973601	4995
5983.736265	7.160076	4996
5984.786704	6.978084	4997
5985.791957	7.045492	4998
5986.843456	6.796886	4999
5987.847930	7.172402	5000
5988.899780	7.079528	5001
5989.901809	7.139901	5002
5990.955446	7.036793	5003
5991.958894	7.040631	5004
5993.012221	6.998082	5005
5994.015357	7.139305	5006
5995.066927	7.083026	5007
5996.070744	7.081502	5008
5997.122567	6.934128	5009
5998.129033	7.146387	5010
5999.178668	7.066301	5011
6000.182801	7.208082	5012
6001.234205	7.097357	5013
6002.237616	7.093960	5014
6003.291681	7.045798	5015
6004.296197	7.193102	5016
6005.348187	6.970284	5017
6006.351696	7.129888	5018
6007.400983	7.067984	5019
6008.409895	7.268413	5020
6009.455482	7.215611	5021
6010.466917	7.305808	5022
6011.509231	7.519441	5023
6012.525880	7.243709	5024
6013.564892	7.689792	5025
6014.585067	7.483840	5026
6015.616116	7.807195	5027
6016.645415	7.611302	5028
6017.671369	7.610095	5029
6018.701363	7.488752	5030
6019.725151	7.458204	5031
6020.760610	7.460840	5032
6021.780033	7.284513	5033
6022.816895	7.577681	5034
6023.833706	7.188381	5035
6024.874510	7.573961	5036
6025.889943	7.150743	5037
6026.929225	7.299819	5038
6027.945778	7.329088	5039
6028.984926	7.593466	5040
6030.000151	7.552499	5041
6031.041183	7.585121	5042
6032.057652	7.719589	5043
6033.096461	7.872997	5044
6034.112329	7.360427	5045
6035.149954	7.718145	5046
6036.170451	7.251277	5047
6037.206256	7.759888	5048
6038.228911	7.546385	5049
6039.262076	7.687562	5050
6040.285266	7.620104	5051
6041.314189	7.841383	5052
6042.344148	7.758870	5053
6043.364702	7.409586	5054
6044.400929	7.813345	5055
6045.420926	7.458371	5056
6046.461395	7.667113	5057
6047.475330	7.317993	5058
6048.517544	7.503813	5059
6049.528998	7.485418	5060
6050.575671	7.441067	5061
6051.581834	7.443820	5062
6052.631556	7.279581	5063
6053.636490	7.465061	5064
6054.687422	7.287922	5065
6055.694185	7.474855	5066
6056.744381	7.346801	5067
6057.749668	7.499704	5068
6058.799487	7.402965	5069
6059.804353	7.507949	5070
6060.856017	7.316959	5071
6061.860721	7.517394	5072
6062.912715	7.299195	5073
6063.916492	7.493323	5074
6064.967801	7.317594	5075
6065.972776	7.598033	5076
6067.021984	7.347446	5077
6068.029049	7.577943	5078
6069.080112	7.339504	5079
6070.085063	7.660907	5080
6071.134972	7.377575	5081
6072.139505	7.604531	5082
6073.189984	7.387015	5083
6074.198031	7.462078	5084
6075.244222	7.454417	5085
6076.254153	7.631032	5086
6077.298445	7.698008	5087
6078.313658	7.605885	5088
6079.354009	7.935423	5089
6080.371529	7.842910	5090
6081.405734	8.125295	5091
6082.430182	7.690081	5092
6083.459438	8.002998	5093
6084.489280	7.952904	5094
6085.513229	7.710869	5095
6086.546776	7.986719	5096
6087.570808	7.680678	5097
6088.605176	7.899437	5098
6089.623414	7.620229	5099
6090.659547	7.844240	5100
6091.678119	7.607786	5101
6092.716553	7.918157	5102
6093.733608	7.447599	5103
6094.773161	7.907905	5104
6095.790439	7.649103	5105
6096.827773	8.002943	5106
6097.845404	7.689164	5107
6098.883849	7.859377	5108
6099.901600	7.695413	5109
6100.939529	8.112603	5110
6101.959682	7.814816	5111
6102.993518	8.043784	5112
6104.016037	7.775076	5113
6105.047254	8.075810	5114
6106.074513	7.893846	5115
6107.100616	7.961322	5116
6108.130777	7.943881	5117
6109.155396	7.901661	5118
6110.188420	8.273129	5119
6111.209560	7.671830	5120
6112.246132	7.845326	5121
6113.263522	7.842189	5122
6114.304753	7.908081	5123
6115.316744	7.794917	5124
6116.361118	7.566843	5125
6117.369765	7.828303	5126
6118.416965	7.602305	5127
6119.425418	7.646747	5128
6120.474660	7.612990	5129
6121.481822	7.778115	5130
6122.531949	7.582608	5131
6123.535479	7.760871	5132
6124.586038	7.496865	5133
6125.592347	7.858889	5134
6126.642334	7.604835	5135
6127.648176	7.692988	5136
6128.699115	7.565669	5137
6129.703066	7.948371	5138
6130.753141	7.587628	5139
6131.758182	7.674248	5140
6132.808922	7.395333	5141
6133.815922	7.820404	5142
6134.866269	7.649068	5143
6135.870776	7.745082	5144
6136.921140	7.667737	5145
6137.927648	7.858249	5146
6138.974208	7.718434	5147
6139.985705	7.753334	5148
6141.029100	7.775299	5149
6142.041628	7.831744	5150
6143.084868	7.846806	5151
6144.101459	7.889513	5152
6145.138156	8.065824	5153
6146.158471	7.881616	5154
6147.190160	8.223876	5155
6148.217110	8.152363	5156
6149.245871	8.132723	5157
6150.274261	8.121252	5158
6151.301921	8.043112	5159
6152.332810	8.085595	5160
6153.354418	7.858177	5161
6154.389692	8.085006	5162
6155.408672	7.744829	5163
6156.446458	8.027574	5164
6157.465441	7.847741	5165
6158.502491	8.122759	5166
6159.518483	7.767177	5167
6160.556917	8.135317	5168
6161.575523	7.839920	5169
6162.614148	8.146528	5170
6163.630661	7.833381	5171
6164.670144	8.273930	5172
6165.689776	7.970648	5173
6166.724106	8.300758	5174
6167.744347	7.963991	5175
6168.777600	8.232917	5176
6169.802985	8.087513	5177
6170.832210	8.250800	5178
6171.859673	8.120862	5179
6172.889745	8.340525	5180
6173.916812	8.134934	5181
6174.940535	8.055178	5182
6175.973970	8.124242	5183
6176.992970	7.989989	5184
6178.031055	8.159028	5185
6179.047594	7.931794	5186
6180.090587	7.919742	5187
6181.101516	8.016811	5188
6182.145883	7.940897	5189
6183.157097	7.839084	5190
6184.203293	7.805326	5191
6185.211401	8.041794	5192
6186.260276	7.664472	5193
6187.266456	8.028863	5194
6188.315219	7.854211	5195
6189.322968	8.123817	5196
6190.371398	7.661307	5197
6191.379869	8.108331	5198
6192.428548	7.856221	5199
6193.433677	7.902602	5200
6194.483313	7.743666	5201
6195.488523	7.825262	5202
6196.538465	7.555775	5203
6197.545559	8.172458	5204
6198.595701	7.957654	5205
6199.600811	8.172561	5206
6200.651565	7.563349	5207
6201.655548	8.008788	5208
6202.705635	7.827465	5209
6203.714351	8.249337	5210
6204.760752	7.890148	5211
6205.769963	8.058211	5212
6206.815593	7.988107	5213
6207.827544	8.001201	5214
6208.868025	8.119509	5215
6209.885818	8.036456	5216
6210.922959	8.166915	5217
6211.942071	8.155114	5218
6212.978400	8.323109	5219
6214.000902	8.000851	5220
6215.032306	8.470463	5221
6216.058634	8.308696	5222
6217.087412	8.262814	5223
6218.114865	8.248514	5224
6219.140220	8.164437	5225
6220.173418	8.327217	5226
6221.194994	8.114083	5227
6222.229192	8.233958	5228
6223.251383	8.003630	5229
6224.286537	8.344564	5230
6225.306154	7.986966	5231
6226.342302	8.342542	5232
6227.361100	8.075888	5233
6228.397290	8.347602	5234
6229.418343	8.105400	5235
6230.453657	8.450193	5236
6231.474074	8.096794	5237
6232.507760	8.536488	5238
6233.531088	8.190836	5239
6234.563028	8.431125	5240
6235.589821	8.403830	5241
6236.616027	8.388674	5242
6237.645268	8.371741	5243
6238.671557	8.310807	5244
6239.703825	8.236463	5245
6240.724078	8.323396	5246
6241.760071	8.378773	5247
6242.778778	7.984799	5248
6243.816951	7.817193	5249
6244.835648	8.183065	5250
6245.874622	8.245770	5251
6246.886443	8.107301	5252
6247.929595	8.058118	5253
6248.941344	8.271478	5254
6249.987781	8.014004	5255
6250.995260	8.057719	5256
6252.043835	7.801017	5257
6253.050880	8.193919	5258
6254.099900	7.750909	5259
6255.107038	8.189271	5260
6256.156675	8.015553	5261
6257.161620	8.193827	5262
6258.211582	7.841182	5263
6259.218024	8.137156	5264
6260.267957	7.859779	5265
6261.274422	8.030163	5266
6262.324948	7.745601	5267
6263.328983	8.185808	5268
6264.378545	7.766759	5269
6265.385647	8.167083	5270
6266.434234	7.798241	5271
6267.442533	8.207219	5272
6268.490290	7.954356	5273
6269.497782	8.221279	5274
6270.544423	8.033100	5275
6271.554583	8.208289	5276
6272.598302	8.090445	5277
6273.613062	8.187614	5278
6274.651950	8.076104	5279
6275.670751	8.193087	5280
6276.706866	8.347888	5281
6277.727890	8.173907	5282
6278.762555	8.425898	5283
6279.784862	8.370815	5284
6280.816226	8.512283	5285
6281.842379	8.404235	5286
6282.870154	8.299284	5287
6283.899364	8.510719	5288
6284.926433	8.239881	5289
6285.956971	8.378876	5290
6286.980874	8.142009	5291
6288.014030	8.417174	5292
6289.036219	8.155018	5293
6290.068916	8.406785	5294
6291.091034	8.212083	5295
6292.124490	8.566820	5296
6293.146443	8.145556	5297
6294.180865	8.424613	5298
6295.203165	8.287784	5299
6296.237870	8.365943	5300
6297.258590	8.500836	5301
6298.292579	8.670777	5302
6299.313694	8.425576	5303
6300.345037	8.444710	5304
6301.372247	8.491123	5305
6302.401473	8.531339	5306
6303.429054	8.581383	5307
6304.454786	8.349882	5308
6305.487718	8.346947	5309
6306.507875	8.384294	5310
6307.544370	8.456385	5311
6308.561059	8.344205	5312
6309.601578	8.301594	5313
6310.614596	8.205609	5314
6311.658603	8.214215	5315
6312.669834	8.205503	5316
6313.714891	8.132849	5317
6314.726180	8.315865	5318
6315.772634	8.032807	5319
6316.780159	8.234667	5320
6317.829518	7.914651	5321
6318.836281	8.266596	5322
6319.884687	7.850517	5323
6320.891901	8.265732	5324
6321.941335	7.713395	5325
6322.947197	8.243523	5326
6323.995858	7.930478	5327
6325.002154	8.283852	5328
6326.051521	7.874905	5329
6327.058323	8.294392	5330
6328.107871	7.900599	5331
6329.113997	8.255676	5332
6330.163099	7.907619	5333
6331.169671	8.289805	5334
6332.217562	7.988753	5335
6333.227114	8.219908	5336
6334.272470	8.002689	5337
6335.283850	8.240512	5338
6336.326767	8.111339	5339
6337.339808	8.199787	5340
6338.381922	8.233220	5341
6339.399118	8.375430	5342
6340.436416	8.468192	5343
6341.454552	8.357586	5344
6342.491526	8.515698	5345
6343.513525	8.327448	5346
6344.545809	8.556318	5347
6345.569904	8.473842	5348
6346.600167	8.542573	5349
6347.627742	8.384488	5350
6348.655043	8.594443	5351
6349.684306	8.525609	5352
