crossing time (s)	slope (V/s)	crossing number
10170.158399	2.378844	7146
10171.042780	2.351031	7147
10172.224210	2.311662	7148
10173.109264	2.373640	7149
10174.291917	2.428968	7150
10175.175282	2.430044	7151
10176.356398	2.241886	7152
10177.244764	2.202526	7153
10178.422501	2.194559	7154
10179.312129	2.244337	7155
10180.491147	2.304590	7156
10181.377940	2.238122	7157
10182.557793	2.377374	7158
10183.442616	2.340945	7159
10184.622504	2.409861	7160
10185.510517	2.442995	7161
10186.689747	2.294580	7162
10187.580645	2.167829	7163
10188.755494	2.295638	7164
10189.643384	2.326346	7165
10190.823150	2.270638	7166
10191.711381	2.370945	7167
10192.890269	2.404757	7168
10193.780480	2.359951	7169
10194.953872	2.439431	7170
10195.845159	2.501095	7171
10197.023319	2.305795	7172
10197.910853	2.440167	7173
10199.090860	2.331447	7174
10199.977381	2.623967	7175
10201.157784	2.510745	7176
10202.044838	2.512389	7177
10203.228689	2.248813	7178
10204.113259	2.452323	7179
10205.296377	2.609507	7180
10206.181331	2.465311	7181
10207.366244	2.428313	7182
10208.250882	2.294924	7183
10209.430459	2.559558	7184
10210.316020	2.423393	7185
10211.498934	2.617020	7186
10212.382077	2.462609	7187
10213.569993	2.353741	7188
10214.453098	2.456368	7189
10215.638163	2.399057	7190
10216.517526	2.537019	7191
10217.704960	2.188739	7192
10218.588353	2.426585	7193
10219.774314	2.326406	7194
10220.655105	2.413176	7195
10221.841445	2.396658	7196
10222.722557	2.452892	7197
10223.908103	2.249537	7198
10224.791404	2.392917	7199
10225.977425	2.240414	7200
10226.860335	2.568883	7201
10228.045162	2.242792	7202
10228.928461	2.531892	7203
10230.110323	2.086372	7204
10230.998207	2.397894	7205
10232.176656	2.170285	7206
10233.063349	2.564331	7207
10234.244819	2.134680	7208
10235.134518	2.481272	7209
10236.312206	2.204418	7210
10237.200285	2.512161	7211
10238.380427	2.140460	7212
10239.265598	2.570802	7213
10240.448381	2.179010	7214
10241.333597	2.552051	7215
10242.516330	2.115537	7216
10243.399496	2.552500	7217
10244.583978	2.079474	7218
10245.468651	2.443288	7219
10246.654067	2.133242	7220
10247.536157	2.514045	7221
10248.722076	2.237296	7222
10249.602313	2.529534	7223
10250.789036	2.187503	7224
10251.670260	2.362284	7225
10252.856819	2.196706	7226
10253.740785	2.393136	7227
10254.923600	2.301864	7228
10255.806244	2.283051	7229
10256.988768	2.183173	7230
10257.876857	2.232112	7231
10259.056983	2.375088	7232
10259.944098	2.341396	7233
10261.124604	2.332215	7234
10262.014638	2.352521	7235
10263.194045	2.341949	7236
10264.080110	2.291734	7237
10265.261478	2.262733	7238
10266.149217	2.323151	7239
10267.331957	2.236149	7240
10268.216262	2.427935	7241
10269.395453	2.419866	7242
10270.285438	2.323619	7243
10271.465436	2.513130	7244
10272.353890	2.142058	7245
10273.533608	2.422274	7246
10274.421768	2.243830	7247
10275.603241	2.349640	7248
10276.491516	2.359516	7249
10277.672333	2.360037	7250
10278.561395	2.405501	7251
10279.739883	2.303744	7252
10280.626833	2.456453	7253
10281.807877	2.275225	7254
10282.695970	2.383562	7255
10283.876664	2.324252	7256
10284.766067	2.441861	7257
10285.946149	2.272814	7258
10286.835100	2.471039	7259
10288.016622	2.282990	7260
10288.903233	2.438412	7261
10290.084771	2.121201	7262
10290.972536	2.442541	7263
10292.153104	2.172374	7264
10293.041636	2.472425	7265
10294.223664	2.233447	7266
10295.109679	2.488084	7267
10296.290983	2.262122	7268
10297.179012	2.547284	7269
10298.360270	2.266752	7270
10299.249589	2.510796	7271
10300.429400	2.441062	7272
10301.318670	2.587058	7273
10302.495879	2.305893	7274
10303.386609	2.479485	7275
10304.565774	2.265471	7276
10305.456409	2.360528	7277
10306.633001	2.269547	7278
10307.523705	2.416552	7279
10308.702611	2.278460	7280
10309.592719	2.377772	7281
10310.772683	2.394519	7282
10311.660058	2.633924	7283
10312.840179	2.355419	7284
10313.731346	2.507559	7285
10314.912967	2.331964	7286
10315.801804	2.376544	7287
10316.979798	2.348637	7288
10317.866995	2.310191	7289
10319.049151	2.316909	7290
10319.935927	2.394556	7291
10321.120425	2.452313	7292
10322.003845	2.501733	7293
10323.189151	2.499736	7294
10324.074986	2.512420	7295
10325.257552	2.504001	7296
10326.142990	2.511278	7297
10327.327124	2.401214	7298
10328.211969	2.354530	7299
10329.394688	2.421301	7300
10330.282269	2.463930	7301
10331.464730	2.420756	7302
10332.348358	2.405012	7303
10333.534374	2.454841	7304
10334.419460	2.445708	7305
10335.602177	2.383312	7306
10336.489970	2.570343	7307
10337.669842	2.453274	7308
10338.558781	2.490841	7309
10339.738333	2.426700	7310
10340.628639	2.404583	7311
10341.809735	2.420890	7312
10342.698817	2.399480	7313
10343.879144	2.465119	7314
10344.768435	2.475777	7315
10345.948353	2.347733	7316
10346.837132	2.483680	7317
10348.018493	2.392305	7318
10348.908533	2.569073	7319
10350.087233	2.467358	7320
10350.978657	2.570801	7321
10352.156845	2.327690	7322
10353.049447	2.488189	7323
10354.229721	2.232905	7324
10355.120488	2.453443	7325
10356.296576	2.299970	7326
10357.187859	2.402228	7327
10358.366965	2.393402	7328
10359.256972	2.565827	7329
10360.436584	2.334402	7330
10361.329135	2.581138	7331
10362.509357	2.245501	7332
10363.401827	2.450634	7333
10364.578180	2.212508	7334
10365.469222	2.428089	7335
10366.649289	2.188554	7336
10367.542273	2.347698	7337
10368.719593	2.105890	7338
10369.611039	2.408891	7339
10370.786988	2.076772	7340
10371.681136	2.404508	7341
10372.857942	2.201325	7342
10373.750954	2.408459	7343
10374.928902	2.266774	7344
10375.823821	2.358997	7345
10377.000342	2.174838	7346
10377.894713	2.465691	7347
10379.071234	2.105553	7348
