crossing time (s)	slope (V/s)	crossing number
10932.578307	3.930977	7859
10933.716256	3.773403	7860
10934.635953	3.822915	7861
10935.781082	3.672440	7862
10936.704499	4.029363	7863
10937.846920	3.664858	7864
10938.772274	3.896991	7865
10939.916736	3.592388	7866
10940.839108	3.930801	7867
10941.982230	3.765677	7868
10942.905189	3.689167	7869
10944.050586	3.924615	7870
10944.974794	3.734666	7871
10946.117990	3.928716	7872
10947.040711	3.768194	7873
10948.183125	4.025778	7874
10949.107768	3.630575	7875
10950.250173	4.105101	7876
10951.175883	3.576686	7877
10952.317045	4.206518	7878
10953.242273	3.886685	7879
10954.382080	4.191197	7880
10955.309087	3.994788	7881
10956.450136	4.206324	7882
10957.375534	3.989297	7883
10958.514771	4.397326	7884
10959.440899	4.134542	7885
10960.581091	4.425346	7886
10961.507586	4.116364	7887
10962.647965	4.459610	7888
10963.575441	4.068522	7889
10964.712829	4.380627	7890
10965.640652	4.044514	7891
10966.780194	4.317553	7892
10967.708074	4.175876	7893
10968.845087	4.281307	7894
10969.774570	4.407608	7895
10970.911860	4.373918	7896
10971.841156	4.457204	7897
10972.977025	4.344306	7898
10973.907083	4.622990	7899
10975.042843	4.449139	7900
10975.973001	4.636638	7901
10977.109077	4.443173	7902
10978.039278	4.717890	7903
10979.174479	4.688528	7904
10980.105346	4.625940	7905
10981.240442	4.657890	7906
10982.172143	4.602096	7907
10983.306419	4.606144	7908
10984.238165	4.583889	7909
10985.372195	4.485167	7910
10986.302922	4.637126	7911
10987.438556	4.564041	7912
10988.368650	4.600262	7913
10989.503649	4.499491	7914
10990.434346	4.568172	7915
10991.570545	4.452841	7916
10992.500305	4.726496	7917
10993.636539	4.545712	7918
10994.565791	4.577128	7919
10995.702936	4.456562	7920
10996.630927	4.763973	7921
10997.767698	4.484987	7922
10998.696997	4.660727	7923
10999.833912	4.504320	7924
11000.760772	4.688567	7925
11001.899898	4.347252	7926
11002.826044	4.676002	7927
11003.965461	4.364749	7928
11004.892341	4.512869	7929
11006.033015	4.160124	7930
11006.957359	4.462817	7931
11008.097955	4.184826	7932
11009.023419	4.595468	7933
11010.164876	4.109114	7934
11011.088006	4.397452	7935
11012.230564	4.018015	7936
11013.153847	4.370567	7937
11014.296291	3.928971	7938
11015.218188	4.404682	7939
11016.362761	4.096164	7940
11017.283345	4.420524	7941
11018.427635	4.155997	7942
11019.348369	4.365185	7943
11020.492868	4.075224	7944
11021.413042	4.229971	7945
11022.559167	4.190179	7946
11023.479176	4.176997	7947
11024.624927	4.066765	7948
11025.543535	4.237923	7949
11026.690815	3.994881	7950
11027.609610	4.229940	7951
11028.755668	3.877500	7952
11029.675594	4.196593	7953
11030.820934	3.879423	7954
11031.740193	4.125102	7955
11032.888299	3.884106	7956
11033.806900	4.102131	7957
11034.953766	3.731644	7958
11035.871809	4.295000	7959
11037.019006	3.791494	7960
11037.936785	4.434797	7961
11039.084594	3.905856	7962
11040.001972	4.447483	7963
11041.149414	4.010084	7964
11042.066927	4.458053	7965
11043.214863	4.110938	7966
11044.132627	4.533673	7967
11045.281120	4.199304	7968
11046.197238	4.544319	7969
11047.345926	4.123975	7970
11048.262834	4.442475	7971
11049.411227	4.075169	7972
11050.327579	4.539739	7973
11051.476033	3.944619	7974
11052.392970	4.351110	7975
11053.543482	4.072683	7976
11054.457792	4.300214	7977
11055.608277	3.939271	7978
11056.522842	4.239086	7979
11057.674105	4.028500	7980
11058.588297	4.149688	7981
11059.740099	3.899908	7982
11060.652549	4.318870	7983
11061.805293	3.813446	7984
11062.717454	4.156962	7985
11063.871676	3.749460	7986
11064.783056	4.188504	7987
11065.937080	3.706694	7988
11066.846618	4.174100	7989
11068.004788	3.568124	7990
11068.911510	4.138187	7991
11070.070029	3.554612	7992
11070.977047	4.059400	7993
11072.135740	3.601861	7994
11073.041428	3.874689	7995
11074.201897	3.541327	7996
11075.106007	3.894478	7997
11076.268558	3.544791	7998
11077.170004	3.697324	7999
11078.333663	3.448817	8000
11079.236145	3.858650	8001
11080.398965	3.488976	8002
11081.300584	3.756660	8003
11082.464867	3.486685	8004
11083.365257	3.770946	8005
11084.530249	3.493874	8006
11085.430244	3.719502	8007
11086.596624	3.522977	8008
11087.495466	3.682917	8009
11088.662838	3.452575	8010
11089.560037	3.778606	8011
11090.727153	3.505140	8012
11091.625309	3.855628	8013
11092.793642	3.541804	8014
11093.689822	3.683559	8015
11094.857681	3.615138	8016
11095.754203	3.891357	8017
11096.921927	3.546646	8018
11097.819334	3.732980	8019
11098.987859	3.543958	8020
11099.883963	3.693950	8021
11101.053361	3.431675	8022
11101.949784	3.607350	8023
11103.117913	3.495662	8024
11104.014538	3.698876	8025
11105.183283	3.675654	8026
11106.079556	3.437992	8027
11107.249594	3.258476	8028
11108.144728	3.632537	8029
11109.314210	3.288787	8030
11110.209215	3.631825	8031
11111.380508	3.346333	8032
11112.274820	3.604932	8033
11113.444183	3.379007	8034
11114.339419	3.673360	8035
11115.511010	3.414969	8036
11116.404636	3.629375	8037
11117.576505	3.459589	8038
11118.468839	3.626599	8039
11119.641397	3.491760	8040
11120.533626	3.438059	8041
11121.707253	3.395191	8042
11122.597147	3.524695	8043
11123.772976	3.495123	8044
11124.661751	3.384307	8045
11125.837932	3.423928	8046
11126.726107	3.498318	8047
11127.902604	3.378475	8048
11128.789439	3.655993	8049
11129.969124	3.391373	8050
11130.856823	3.504293	8051
11132.034725	3.393109	8052
11132.921118	3.564426	8053
11134.099875	3.291686	8054
11134.984700	3.441927	8055
11136.165866	3.482041	8056
11137.050494	3.571506	8057
11138.229160	3.415915	8058
11139.114092	3.482855	8059
11140.295996	3.789016	8060
11141.176877	3.532549	8061
11142.359643	3.703238	8062
