crossing time (s)	slope (V/s)	crossing number
6948.628127	3.210940	5933
6949.653374	1.796237	5934
6950.685244	2.104943	5935
6951.712249	2.211868	5936
6952.751787	3.117564	5937
6953.798418	2.569564	5938
6954.812289	4.119272	5939
6955.863707	3.485244	5940
6956.872941	2.661600	5941
6957.932819	3.827452	5942
6958.944395	2.588926	5943
6959.990191	1.372992	5944
6961.005844	6.221408	5945
6962.048476	5.911728	5946
6963.080020	7.861292	5947
6964.088842	2.988929	5948
6965.148135	4.544433	5949
6966.153570	7.093600	5950
6967.211844	5.660480	5951
6968.233375	8.173725	5952
6969.266027	6.901904	5953
6970.305038	5.146064	5954
6971.309463	7.531944	5955
6972.370181	4.727999	5956
6973.386132	7.137442	5957
6974.421449	7.912868	5958
6975.453255	8.176571	5959
6976.470938	5.717484	5960
6977.519461	5.182557	5961
6978.519946	7.180308	5962
6979.580897	5.393544	5963
6980.588940	5.585681	5964
6981.632439	6.504363	5965
6982.655892	6.413052	5966
6983.689718	5.861360	5967
6984.716185	5.733503	5968
6985.740054	4.857710	5969
6986.777442	5.434642	5970
6987.795611	4.927283	5971
6988.840111	5.712307	5972
6989.853994	5.163316	5973
6990.899236	5.937120	5974
6991.912767	5.996391	5975
6992.956466	6.272999	5976
6993.973685	6.030504	5977
6995.013045	6.271742	5978
6996.033406	6.070187	5979
6997.063016	7.108720	5980
6998.098865	7.580572	5981
6999.118906	7.285265	5982
7000.161374	7.729287	5983
7001.176669	6.118699	5984
7002.222166	6.289636	5985
7003.228791	6.480710	5986
7004.277038	5.802180	5987
7005.289382	7.419075	5988
7006.325457	7.974026	5989
7007.355775	8.040902	5990
7008.379544	7.504859	5991
7009.419173	8.257286	5992
7010.427087	6.412471	5993
7011.478639	6.197807	5994
7012.488181	7.018345	5995
7013.525617	7.815388	5996
7014.553764	8.260303	5997
7015.579326	8.022141	5998
7016.620202	7.969044	5999
7017.628480	6.866640	6000
7018.678119	5.792733	6001
7019.687667	7.100248	6002
7020.728199	7.088228	6003
7021.750627	7.866708	6004
7022.781598	8.432407	6005
7023.817409	8.302671	6006
7024.835496	7.316005	6007
7025.875678	7.895126	6008
7026.889399	6.540914	6009
7027.932641	7.298229	6010
7028.942686	6.692072	6011
7029.990596	7.013197	6012
7030.996638	6.837395	6013
7032.048220	6.729990	6014
7033.053691	6.935723	6015
7034.101750	7.029491	6016
7035.113538	7.315835	6017
7036.158528	7.358889	6018
7037.170292	7.582909	6019
7038.215339	7.732912	6020
7039.225625	7.487690	6021
7040.271468	8.093433	6022
7041.287807	7.626704	6023
7042.323927	8.325481	6024
7043.347059	7.869390	6025
7044.376696	7.976419	6026
7045.408829	8.627959	6027
7046.427897	7.007826	6028
7047.467704	8.168647	6029
7048.478580	7.281339	6030
7049.525799	7.631725	6031
7050.535579	7.658414	6032
7051.582033	8.225948	6033
7052.599170	8.236040	6034
7053.631428	8.841715	6035
7054.661792	8.675661	6036
7055.680900	8.100288	6037
7056.723684	7.732343	6038
7057.732462	7.971514	6039
7058.778203	7.211082	6040
7059.793120	8.770927	6041
7060.833573	8.634955	6042
7061.853687	9.333341	6043
7062.886501	8.607035	6044
7063.915256	9.134147	6045
7064.934010	7.281599	6046
7065.975350	8.395757	6047
7066.987469	7.498388	6048
7068.034164	8.088784	6049
7069.042803	7.924700	6050
7070.092226	8.254020	6051
7071.100203	7.902904	6052
7072.146343	8.405331	6053
7073.157733	7.686290	6054
7074.204155	8.157932	6055
7075.213020	7.545774	6056
7076.258738	8.003171	6057
7077.270556	7.665654	6058
7078.312615	8.113464	6059
7079.325575	7.787471	6060
7080.370924	8.177354	6061
7081.380563	8.109073	6062
7082.428264	8.480370	6063
7083.437101	7.953379	6064
7084.483898	7.974638	6065
7085.494416	7.716878	6066
7086.540387	7.877781	6067
7087.550010	7.971325	6068
7088.591386	8.233006	6069
7089.612508	8.135799	6070
7090.646190	8.971791	6071
7091.673571	8.936421	6072
7092.697026	9.059522	6073
7093.736391	9.200523	6074
7094.749057	8.019224	6075
7095.793806	8.405981	6076
7096.801067	7.760410	6077
7097.847960	7.884750	6078
7098.861019	8.291171	6079
7099.898622	8.812362	6080
7100.923210	8.941659	6081
7101.951220	9.228371	6082
7102.986256	9.279626	6083
7104.003547	8.197557	6084
7105.046094	8.393963	6085
7106.053841	7.972910	6086
7107.102242	7.912553	6087
7108.112244	8.011875	6088
7109.155107	8.242378	6089
7110.169759	8.238565	6090
7111.208700	8.928105	6091
7112.229015	8.170206	6092
7113.265321	9.239502	6093
7114.288040	8.100958	6094
7115.321470	9.169156	6095
7116.344036	8.212455	6096
7117.376622	8.934392	6097
7118.399945	8.223080	6098
7119.432512	9.064005	6099
7120.456500	8.526812	6100
7121.489724	9.109221	6101
7122.511096	8.461535	6102
7123.545106	9.130858	6103
7124.563817	8.268890	6104
7125.600326	8.953527	6105
7126.616951	8.012745	6106
7127.660716	8.758186	6107
7128.671789	8.264577	6108
7129.718215	8.695553	6109
7130.727032	8.666077	6110
7131.774525	8.878087	6111
7132.785778	8.759202	6112
7133.825920	9.569092	6113
7134.847645	9.011661	6114
7135.878149	9.354184	6115
7136.908860	9.188818	6116
7137.927920	8.707910	6117
7138.969749	8.615255	6118
7139.980462	8.797487	6119
7141.025526	8.484671	6120
7142.037225	8.878093	6121
7143.080684	9.084956	6122
7144.098786	9.301344	6123
7145.132097	9.479486	6124
7146.155937	9.451346	6125
7147.188262	8.988017	6126
7148.217291	9.443814	6127
7149.238235	8.384259	6128
7150.275303	9.398907	6129
7151.292089	8.125265	6130
7152.331676	9.053233	6131
7153.345556	8.208296	6132
7154.388518	8.900909	6133
7155.399565	8.287694	6134
7156.444173	8.733537	6135
7157.457030	8.294716	6136
7158.499894	8.676943	6137
7159.512426	8.290574	6138
7160.554488	9.044390	6139
7161.569091	8.204374	6140
7162.610839	8.885747	6141
7163.626398	8.351070	6142
7164.665023	9.051443	6143
7165.683239	8.333655	6144
7166.719941	9.169842	6145
7167.743644	8.582697	6146
7168.776879	9.515005	6147
7169.802459	8.780468	6148
7170.825723	9.371016	6149
7171.859108	9.286476	6150
7172.881458	9.133922	6151
7173.920944	9.139300	6152
7174.932900	8.593491	6153
7175.976826	8.706744	6154
7176.987583	8.429505	6155
7178.032003	8.373127	6156
7179.046108	8.691841	6157
7180.084501	8.884055	6158
7181.106402	9.133853	6159
7182.136900	9.540287	6160
7183.168772	9.293842	6161
7184.189051	9.372262	6162
7185.229947	9.540145	6163
7186.242382	8.553963	6164
7187.285930	9.048262	6165
7188.294750	8.206980	6166
7189.343280	8.451038	6167
7190.349368	8.480853	6168
7191.397814	8.687516	6169
7192.406421	8.569068	6170
7193.452645	9.078630	6171
7194.462616	8.526000	6172
7195.508413	9.159035	6173
7196.522007	8.363665	6174
7197.564355	9.132525	6175
7198.574970	8.453882	6176
7199.619293	9.195517	6177
7200.629303	8.586112	6178
7201.676924	9.199407	6179
7202.685535	8.732681	6180
7203.735091	8.928237	6181
7204.740708	8.515963	6182
7205.790258	8.898147	6183
7206.797791	8.540226	6184
7207.844120	9.035075	6185
7208.856284	8.839254	6186
7209.899781	9.353991	6187
7210.917345	9.090505	6188
7211.950701	9.682279	6189
7212.976750	9.507700	6190
7214.003555	9.580730	6191
7215.034035	9.436755	6192
7216.054316	9.196877	6193
7217.092706	9.000349	6194
7218.107986	9.020546	6195
7219.152193	8.778877	6196
7220.164694	9.267011	6197
7221.207519	9.112202	6198
7222.220538	9.463279	6199
7223.261454	9.581080	6200
7224.282840	9.529379	6201
7225.315079	9.539503	6202
7226.339067	9.620733	6203
7227.369603	9.147357	6204
7228.398314	9.794067	6205
7229.423435	8.685071	6206
7230.452391	9.640378	6207
7231.476271	8.634074	6208
7232.511022	9.314812	6209
7233.530832	8.897879	6210
7234.567745	9.754620	6211
7235.587254	8.806374	6212
7236.622134	9.869304	6213
7237.645381	8.995629	6214
7238.678307	10.147325	6215
7239.701055	9.175185	6216
7240.732915	9.876586	6217
7241.758884	9.051318	6218
7242.787660	9.815045	6219
7243.817320	9.203874	6220
7244.839931	9.644983	6221
7245.874394	9.354407	6222
7246.895131	9.034426	6223
7247.933484	9.117879	6224
7248.947359	9.072175	6225
7249.989730	8.916451	6226
7251.000355	8.809611	6227
7252.045908	8.740828	6228
7253.058362	8.939091	6229
7254.099302	8.838167	6230
7255.113747	8.850632	6231
7256.152422	9.205559	6232
7257.175638	9.253564	6233
7258.206899	9.418957	6234
7259.236318	9.739719	6235
7260.258477	9.547978	6236
7261.297444	9.857709	6237
7262.313101	9.102570	6238
7263.353847	9.555618	6239
7264.366559	8.549500	6240
7265.410502	9.103701	6241
7266.420168	8.574850	6242
7267.468248	8.882788	6243
7268.474117	8.760486	6244
7269.521373	9.143240	6245
7270.531217	8.767169	6246
7271.576924	9.145445	6247
7272.586356	8.807052	6248
7273.635236	9.265761	6249
7274.640467	8.973472	6250
7275.690988	9.431531	6251
7276.700046	8.944920	6252
7277.745777	9.407845	6253
7278.755733	9.035918	6254
7279.800929	9.724064	6255
7280.812779	8.916661	6256
7281.856355	9.644580	6257
7282.872081	9.073399	6258
7283.910613	9.697586	6259
7284.931138	9.210235	6260
7285.962862	9.723470	6261
7286.988822	9.466033	6262
7288.015383	9.526319	6263
7289.047409	9.414456	6264
7290.066013	9.418496	6265
7291.106966	9.182062	6266
7292.118779	9.204635	6267
7293.162287	9.137852	6268
7294.177075	9.229926	6269
7295.217780	9.120427	6270
7296.233590	9.494260	6271
7297.274700	9.350238	6272
7298.291351	9.611340	6273
7299.329030	9.574091	6274
7300.349355	9.732332	6275
7301.383060	9.506522	6276
7302.404192	9.744923	6277
7303.438694	9.265447	6278
7304.463583	9.789529	6279
7305.493166	9.165020	6280
7306.521169	9.763771	6281
7307.548076	9.162219	6282
7308.574935	9.997762	6283
7309.603398	9.153379	6284
7310.629355	10.008829	6285
7311.662650	9.462461	6286
7312.685192	10.032275	6287
7313.718235	9.513405	6288
7314.740462	9.985084	6289
7315.775329	9.565650	6290
7316.794788	9.534660	6291
7317.833759	9.443508	6292
7318.849666	9.261639	6293
7319.889089	9.281559	6294
7320.904777	8.906898	6295
7321.947030	8.856070	6296
7322.957139	9.107204	6297
7324.001995	8.844306	6298
7325.013333	9.074952	6299
7326.056178	9.087009	6300
7327.070587	9.224960	6301
7328.107381	9.401804	6302
7329.130777	9.434806	6303
7330.163522	9.564708	6304
7331.190368	9.723988	6305
7332.217606	9.518756	6306
7333.249760	9.817419	6307
7334.269234	9.457886	6308
7335.308804	9.700201	6309
7336.324639	9.158657	6310
7337.363920	9.540921	6311
7338.378574	8.568375	6312
7339.420497	9.464733	6313
7340.433912	8.802272	6314
7341.478757	9.309405	6315
7342.487743	8.977596	6316
7343.533812	9.397331	6317
7344.542743	8.942481	6318
7345.588301	9.510771	6319
7346.601166	9.100596	6320
7347.643924	9.634040	6321
7348.656879	9.265719	6322
7349.698393	9.957036	6323
7350.716070	9.345068	6324
7351.754577	10.015370	6325
7352.772379	9.487558	6326
7353.808924	10.111882	6327
7354.831466	9.588780	6328
7355.860884	9.979068	6329
7356.890319	9.721282	6330
7357.913434	9.664526	6331
7358.947742	9.634597	6332
7359.967450	9.360551	6333
7361.007559	9.348879	6334
7362.018810	9.367530	6335
7363.062507	9.229549	6336
7364.074940	9.379875	6337
7365.118897	9.076446	6338
7366.131112	9.573146	6339
7367.174670	9.195300	6340
7368.188158	9.355673	6341
7369.230507	9.368068	6342
7370.246999	9.477934	6343
7371.291315	9.347298	6344
7372.304113	9.643661	6345
7373.340437	9.427763	6346
7374.360945	9.635933	6347
7375.394289	9.476647	6348
7376.416145	9.805809	6349
7377.450943	9.484889	6350
7378.472754	9.766417	6351
7379.505869	9.449888	6352
7380.529418	9.948786	6353
7381.562434	9.483497	6354
7382.585211	9.841726	6355
7383.618272	9.446272	6356
7384.637984	9.536616	6357
7385.676730	9.395488	6358
7386.692915	9.343287	6359
7387.733417	8.912075	6360
7388.746681	9.350753	6361
7389.789451	8.987958	6362
7390.800978	9.090328	6363
7391.845402	8.804085	6364
7392.856038	9.131776	6365
7393.899771	9.078790	6366
7394.912605	9.605613	6367
7395.955276	9.470779	6368
7396.972439	9.302011	6369
7398.006701	9.451337	6370
7399.030307	9.552182	6371
7400.062494	9.643187	6372
7401.090857	9.875215	6373
7402.116110	9.830116	6374
7403.148718	9.977443	6375
7404.168977	9.598489	6376
7405.207557	10.063168	6377
7406.224495	9.375729	6378
7407.263498	9.896257	6379
7408.279454	9.091758	6380
7409.319677	9.670842	6381
7410.333534	9.165378	6382
7411.375123	9.708275	6383
7412.385467	8.940369	6384
7413.431577	9.695689	6385
7414.445533	9.283281	6386
7415.487197	9.949857	6387
7416.501240	9.381896	6388
7417.542589	10.027862	6389
7418.560780	9.576942	6390
7419.596478	10.293105	6391
7420.616641	9.616940	6392
7421.649781	10.358317	6393
7422.675259	9.494292	6394
