crossing time (s)	slope (V/s)	crossing number
6129.177861	2.805482	3310
6130.210067	3.142808	3311
6131.239016	3.027615	3312
6132.281119	2.664119	3313
6133.299791	2.984036	3314
6134.342647	2.416533	3315
6135.357805	3.115568	3316
6136.408748	2.462208	3317
6137.419961	3.190569	3318
6138.469156	2.778102	3319
6139.481152	3.188445	3320
6140.531534	2.761631	3321
6141.548228	3.162945	3322
6142.592668	2.526601	3323
6143.609682	2.958364	3324
6144.658231	2.586489	3325
6145.678318	2.972631	3326
6146.720722	2.687138	3327
6147.745376	3.101212	3328
6148.782282	2.729950	3329
6149.810239	3.213325	3330
6150.847425	2.916855	3331
6151.872282	3.043226	3332
6152.909210	2.728167	3333
6153.920845	2.708647	3334
6154.973632	2.508646	3335
6155.981769	2.956148	3336
6157.037170	2.467667	3337
6158.044800	3.368662	3338
6159.101404	2.696551	3339
6160.113055	2.990678	3340
6161.162345	2.860451	3341
6162.179535	2.745628	3342
6163.221827	2.919662	3343
6164.248621	3.054133	3344
6165.288506	2.864107	3345
6166.315942	3.228101	3346
6167.352215	2.786497	3347
6168.373651	2.957096	3348
6169.415665	2.657581	3349
6170.428387	2.745875	3350
6171.479365	2.588175	3351
6172.485366	2.957631	3352
6173.544267	2.324475	3353
6174.546712	2.969034	3354
6175.605274	2.219898	3355
6176.609349	2.636526	3356
6177.665971	2.261657	3357
6178.671838	2.596633	3358
6179.730021	2.248687	3359
6180.733034	2.626485	3360
6181.793621	2.321376	3361
6182.796640	2.807722	3362
6183.855905	2.333053	3363
6184.859681	2.755485	3364
6185.915649	2.304165	3365
6186.921432	2.719516	3366
6187.977546	2.241637	3367
6188.988844	2.683939	3368
6190.037962	2.255564	3369
6191.058502	2.902713	3370
6192.102486	2.263621	3371
6193.126549	3.075049	3372
6194.168500	2.488495	3373
6195.188419	3.072679	3374
6196.237312	2.100810	3375
6197.246920	2.718053	3376
6198.294172	1.791993	3377
6199.309597	1.720631	3378
6200.356888	2.474179	3379
6201.362614	2.951964	3380
6202.421191	2.552689	3381
6203.423988	2.586922	3382
6204.481978	2.059517	3383
6205.486671	2.573924	3384
6206.538301	1.829566	3385
6207.547056	2.693685	3386
6208.603605	2.159435	3387
6209.617189	2.908202	3388
6210.665974	2.152385	3389
6211.679943	2.817392	3390
6212.730331	2.301715	3391
6213.751608	2.846825	3392
6214.794155	2.300963	3393
6215.816182	2.836244	3394
6216.858951	2.096394	3395
6217.880616	2.640089	3396
6218.918883	1.955677	3397
6219.938360	2.687795	3398
6220.983854	2.008158	3399
6222.006809	2.970915	3400
6223.044654	2.174006	3401
6224.065038	2.783869	3402
6225.108937	2.275026	3403
6226.126376	2.721870	3404
6227.169948	2.619982	3405
6228.187460	2.926556	3406
6229.230681	2.241254	3407
6230.233789	2.814788	3408
6231.294624	2.070102	3409
6232.299524	2.438733	3410
6233.357632	2.043550	3411
6234.356604	2.385327	3412
6235.422620	2.204243	3413
6236.419638	2.321715	3414
6237.485003	2.295778	3415
6238.486180	2.179316	3416
6239.545367	2.194831	3417
6240.550887	2.263109	3418
6241.606547	2.081527	3419
6242.613241	2.336573	3420
6243.670870	1.973283	3421
6244.682971	2.620531	3422
6245.735318	1.956404	3423
6246.750883	2.735926	3424
6247.799472	1.900688	3425
6248.813848	2.717307	3426
6249.859747	1.800949	3427
6250.876718	2.484382	3428
6251.919189	1.964073	3429
6252.937769	2.519546	3430
6253.984109	1.921244	3431
6254.998914	2.536803	3432
6256.047839	1.782968	3433
6257.059158	2.499093	3434
6258.107487	1.928538	3435
6259.119267	2.447525	3436
6260.169975	1.875192	3437
6261.177853	2.290667	3438
6262.230874	1.879084	3439
6263.243817	2.441546	3440
6264.292595	1.911203	3441
6265.309812	2.514804	3442
6266.356417	1.790823	3443
6267.372645	2.678291	3444
6268.421469	1.684389	3445
6269.435396	2.624682	3446
6270.486167	1.670077	3447
6271.496505	2.611813	3448
6272.544030	1.580759	3449
6273.554932	2.393879	3450
6274.602550	1.476381	3451
6275.611312	2.107875	3452
6276.667340	1.667902	3453
6277.670420	2.201030	3454
6278.731066	2.081633	3455
6279.726104	1.918658	3456
6280.796141	2.187752	3457
6281.794435	1.759394	3458
6282.864051	2.186195	3459
6283.857572	1.798536	3460
6284.923340	2.095541	3461
6285.918715	1.708663	3462
6286.982840	1.978338	3463
6287.977770	1.742470	3464
6289.044267	2.086231	3465
6290.037787	1.794775	3466
6291.104558	2.098731	3467
6292.101984	1.783133	3468
6293.162504	1.930947	3469
6294.167315	2.025811	3470
6295.225236	1.819277	3471
6296.229405	2.023822	3472
6297.284551	1.776056	3473
6298.286815	1.913354	3474
6299.349784	1.780672	3475
6300.349454	1.980787	3476
6301.411433	1.790474	3477
6302.411071	1.997698	3478
6303.471316	1.932600	3479
6304.472147	1.804020	3480
6305.535493	1.960568	3481
6306.534162	1.719891	3482
6307.600669	1.927491	3483
6308.600513	1.652744	3484
6309.666509	2.020386	3485
6310.661465	1.546863	3486
6311.728628	1.959280	3487
6312.722886	1.574163	3488
6313.799079	1.864010	3489
6314.788865	1.575682	3490
6315.863356	2.190265	3491
6316.850170	1.588646	3492
6317.925403	2.155866	3493
6318.913445	1.683460	3494
6319.982712	2.035983	3495
6320.976984	1.618389	3496
6322.040604	2.081375	3497
6323.033496	1.566414	3498
6324.097267	1.807409	3499
6325.093400	1.540429	3500
6326.161198	1.716662	3501
6327.154693	1.621387	3502
6328.220671	1.621593	3503
6329.217842	1.709205	3504
6330.282433	1.486741	3505
6331.282691	1.794645	3506
6332.341484	1.340298	3507
6333.343626	1.888794	3508
6334.405292	1.397772	3509
6335.401307	1.821729	3510
6336.466092	1.474937	3511
6337.464077	1.718187	3512
6338.527270	1.309443	3513
6339.527603	1.685658	3514
6340.588927	1.295786	3515
6341.600985	1.745231	3516
6342.651737	1.658193	3517
6343.656001	1.851402	3518
6344.711495	2.038837	3519
6345.709168	1.605740	3520
6346.774605	1.819377	3521
6347.767596	1.717557	3522
6348.832663	1.675864	3523
6349.824214	1.594697	3524
6350.892262	1.431541	3525
6351.877391	1.557099	3526
6352.953668	1.539958	3527
6353.934830	1.555374	3528
6355.019823	1.536502	3529
6355.987896	1.426404	3530
6357.077357	1.610035	3531
6358.044151	1.304886	3532
6359.134179	1.358674	3533
6360.102249	1.442685	3534
6361.197076	1.412233	3535
6362.158558	1.447259	3536
6363.258108	1.273808	3537
6364.214215	1.312249	3538
6365.315468	1.301421	3539
6366.277680	1.310811	3540
6367.377209	1.238328	3541
6368.300394	1.230689	3542
6369.474639	1.032725	3543
6370.359578	1.166799	3544
6371.538010	1.083734	3545
6372.416814	1.146898	3546
6373.595587	1.037584	3547
6374.474076	1.076794	3548
6375.660411	1.080330	3549
6376.090143	1.511512	3550
6376.536913	1.175094	3551
6377.724721	0.936173	3552
6378.586199	1.073042	3553
6379.791034	1.021210	3554
6380.642025	0.955748	3555
6381.851695	0.838332	3556
6382.695468	1.019792	3557
6383.917796	0.841265	3558
6384.753394	0.918774	3559
6385.988812	0.768173	3560
6386.810126	0.849639	3561
6388.059067	0.549022	3562
6388.859156	0.776041	3563
6390.135281	0.718486	3564
6390.914010	0.846113	3565
6392.210085	0.615374	3566
6392.970568	0.866753	3567
6395.022300	0.534056	3568
6397.078783	0.732834	3569
6399.139129	0.701720	3570
6401.191705	0.594762	3571
6403.248084	0.558326	3572
6405.306950	0.549336	3573
6407.360700	0.473776	3574
NaN	NaN	3575
6410.923547	0.026970	3576
6411.468080	0.522103	3577
6412.969037	0.162092	3578
6413.518770	0.358540	3579
6415.030704	0.095512	3580
6415.560764	0.418429	3581
6417.096388	0.060693	3582
6417.307994	-0.207915	3583
6419.154987	0.216156	3584
6419.376001	-0.127224	3585
6421.222630	0.071493	3586
6421.443543	-0.197651	3587
6423.291958	-0.063588	3588
6423.512323	-0.354356	3589
6425.346393	0.162673	3590
6425.578873	-0.125383	3591
6427.412167	0.259223	3592
6427.656780	-0.305179	3593
6429.482383	0.189808	3594
6429.723593	-0.133361	3595
6431.540867	0.203571	3596
6431.787709	0.020920	3597
6433.607746	0.189613	3598
6433.860037	-0.114110	3599
6435.685823	0.106159	3600
6435.929356	-0.033361	3601
6437.751512	0.223275	3602
6437.991635	-0.384120	3603
6439.813303	0.138762	3604
6440.058825	-0.046677	3605
6441.879093	0.241618	3606
6442.122427	-0.191199	3607
