time (s)	theta (A)	maj axis/z0	min axis/z0	crossing#mod 255
4773.806706	329.533661	-0.711296	-0.031987	239
4775.859229	329.715027	-0.710599	-0.031065	241
4777.911135	332.677155	-0.723707	-0.100000	243
4779.968257	330.165344	-0.742914	-0.028582	245
4782.026644	150.248779	0.757687	0.027029	247
4784.082388	150.271088	0.772092	0.025527	249
4786.137130	150.263870	0.787569	0.024139	251
4788.197177	150.154785	0.805238	0.023148	253
4790.258024	149.992538	0.819988	0.022417	255
4792.318447	149.959488	0.836098	0.021314	1
4794.378622	149.974701	0.854695	0.020583	3
4796.439143	150.048355	0.873469	0.020018	5
4798.498941	150.011414	0.893686	0.019210	7
4800.555645	149.982468	0.912280	0.017814	9
4802.611445	149.724197	0.933897	0.016306	11
4804.665876	149.354706	0.952499	0.014988	13
4806.719796	149.104996	0.966925	0.013849	15
4808.773057	149.034164	0.979982	0.013292	17
4810.827130	149.095566	0.998177	0.012573	19
4812.883417	149.260895	1.013505	0.011912	21
4814.940477	149.430710	1.032847	0.011015	23
4816.998516	149.585953	1.047858	0.010141	25
4819.057126	149.664825	1.069183	0.009251	27
4821.115301	149.733383	1.087383	0.008367	29
4823.173493	149.779800	1.106015	0.007414	31
4825.231112	149.825241	1.122071	0.006751	33
4827.288488	149.873352	1.138188	0.005971	35
4829.345939	149.900024	1.155004	0.005108	37
4831.403917	149.884537	1.165850	0.004449	39
4833.463120	149.734619	1.180728	0.003732	41
4835.523178	149.480942	1.195336	0.003103	43
4837.583697	149.095276	1.214976	0.002124	45
4839.644727	148.913773	1.235648	0.000877	47
4841.704955	148.787231	1.255819	0.000432	49
4843.764066	148.880890	1.274065	-0.000393	51
4845.823177	148.984131	1.286754	-0.000487	53
4847.881085	149.110062	1.299863	-0.001210	55
4849.938318	149.259293	1.310546	-0.002047	57
4851.994928	149.325806	1.321861	-0.002785	59
4854.051128	149.390808	1.333292	-0.003669	61
4856.107298	149.463837	1.343345	-0.004611	63
4858.163910	149.496796	1.352816	-0.005290	65
4860.220950	149.554504	1.364174	-0.005596	67
4862.278209	149.632950	1.374424	-0.006248	69
4864.336099	149.706482	1.386744	-0.006688	71
4866.393645	149.837860	1.397809	-0.007184	73
4868.450949	150.008514	1.408900	-0.008102	75
4870.507912	150.025940	1.420065	-0.008890	77
4872.563783	149.903564	1.430690	-0.009817	79
4874.619108	149.569382	1.441268	-0.010628	81
4876.674011	149.151215	1.448404	-0.011013	83
4878.728408	148.729477	1.451852	-0.011575	85
4880.782793	148.565796	1.455320	-0.011998	87
4882.836722	148.485596	1.458497	-0.012334	89
4884.891527	148.587921	1.461914	-0.012687	91
4886.947234	148.800522	1.466502	-0.013231	93
4889.003493	148.948380	1.472180	-0.013449	95
4891.060123	149.066910	1.478624	-0.013696	97
4893.116865	149.161026	1.484747	-0.013960	99
4895.173477	149.258926	1.493816	-0.014339	101
4897.230111	149.318558	1.500087	-0.014651	103
4899.286883	149.270218	1.504498	-0.015287	105
4901.343672	149.228104	1.510279	-0.015797	107
4903.400944	149.137436	1.515917	-0.016290	109
4905.458859	148.965149	1.523011	-0.017038	111
4907.517367	148.741028	1.533174	-0.017663	113
4909.576421	148.573868	1.545114	-0.018263	115
4911.635206	148.588165	1.557930	-0.018897	117
4913.693607	148.694397	1.568690	-0.019342	119
4915.751740	148.879028	1.575545	-0.019601	121
4917.809211	149.093979	1.577780	-0.020121	123
4919.866189	149.202362	1.580103	-0.020467	125
4921.922724	149.346207	1.585372	-0.020947	127
4923.978846	149.437866	1.588320	-0.021511	129
4926.035046	149.477615	1.593728	-0.021899	131
4928.091020	149.506424	1.598087	-0.022290	133
4930.147645	149.512665	1.600998	-0.022653	135
4932.204041	149.591675	1.602461	-0.023123	137
4934.260826	149.705826	1.606234	-0.023371	139
4936.317767	149.847412	1.608382	-0.023688	141
4938.374733	149.918137	1.612615	-0.024229	143
4940.430878	149.883286	1.620389	-0.024891	145
4942.486802	149.763138	1.627868	-0.025812	147
4944.542175	149.347794	1.632763	-0.026416	149
4946.596593	148.942154	1.636762	-0.027079	151
4948.652099	148.470123	1.638811	-0.027137	153
4950.706592	148.138580	1.635894	-0.027318	155
4952.760858	147.974457	1.633097	-0.027447	157
4954.815593	147.976440	1.629878	-0.027715	159
4956.870877	148.023941	1.628801	-0.027671	161
4958.926625	148.147903	1.626793	-0.027803	163
4960.982695	148.250610	1.629800	-0.028002	165
4963.039185	148.300858	1.631736	-0.028228	167
4965.095377	148.328613	1.635508	-0.028494	169
4967.151967	148.368622	1.637833	-0.028540	171
4969.208533	148.329147	1.643753	-0.029064	173
4971.265413	148.315201	1.645893	-0.029032	175
4973.322836	148.214813	1.651509	-0.029315	177
4975.380389	148.092484	1.657702	-0.029763	179
4977.438585	148.020859	1.664119	-0.029653	181
4979.496903	147.990067	1.673197	-0.029982	183
4981.555267	148.038696	1.683589	-0.030284	185
4983.613387	148.208969	1.689920	-0.030786	187
4985.670934	148.441315	1.691193	-0.031023	189
4987.728405	148.621384	1.692325	-0.031218	191
4989.785339	148.809494	1.695351	-0.031620	193
4991.841943	148.910492	1.694077	-0.031834	195
4993.898204	148.997711	1.695079	-0.032203	197
4995.954403	149.024323	1.696836	-0.032290	199
4998.010535	149.047272	1.697783	-0.032670	201
5000.066844	149.094330	1.699945	-0.033100	203
5002.123372	149.134659	1.705496	-0.033420	205
5004.180000	149.108612	1.690349	-0.033721	207
5006.236295	149.147156	1.690240	-0.034261	209
5008.292274	149.118530	1.688074	-0.034677	211
5010.347772	149.010986	1.686267	-0.035080	213
5012.403299	148.760712	1.686393	-0.035450	215
5014.458179	148.415161	1.689150	-0.035913	217
5016.512588	148.019882	1.687938	-0.036616	219
5018.566424	147.659714	1.686610	-0.037057	221
5020.620735	147.385284	1.680440	-0.037250	223
5022.674924	147.198166	1.677077	-0.037536	225
5024.729885	147.117477	1.672117	-0.037657	227
5026.785071	147.108170	1.668819	-0.037825	229
5028.840317	147.170883	1.666260	-0.038118	231
5030.895853	147.242111	1.663452	-0.038459	233
5032.951606	147.231461	1.659353	-0.038829	235
5035.007644	147.209061	1.654568	-0.039416	237
5037.063885	147.256592	1.651963	-0.039766	239
5039.120183	147.176941	1.649455	-0.040158	241
5041.176850	147.167465	1.647007	-0.040531	243
5043.233932	147.041367	1.646935	-0.041051	245
5045.291234	147.017502	1.647485	-0.041478	247
5047.348920	147.025757	1.645831	-0.042144	249
5049.406661	147.112259	1.642478	-0.042709	251
5051.464254	147.273926	1.637329	-0.043059	253
5053.521607	147.467056	1.634466	-0.043570	255
5055.578517	147.610809	1.630584	-0.043881	1
5057.634953	147.829285	1.626545	-0.044530	3
5059.691139	147.967545	1.622527	-0.044993	5
5061.747189	147.998947	1.620366	-0.045253	7
5063.802881	148.009155	1.616936	-0.045653	9
5065.858619	148.017456	1.616226	-0.046036	11
5067.914502	148.015488	1.614445	-0.046436	13
5069.970445	148.045868	1.613675	-0.046919	15
5072.026584	148.078720	1.612190	-0.047544	17
5074.082588	148.061630	1.611804	-0.048130	19
5076.138383	148.039703	1.609126	-0.048882	21
5078.193832	147.892593	1.609180	-0.049652	23
5080.248920	147.652618	1.607409	-0.050326	25
5082.303678	147.228149	1.608921	-0.051194	27
5084.358122	146.913910	1.609256	-0.051326	29
5086.412155	146.520294	1.607457	-0.051850	31
5088.466230	146.161804	1.604282	-0.052302	33
5090.520551	145.986572	1.600330	-0.052727	35
5092.575141	145.816971	1.596179	-0.052875	37
5094.629984	145.745132	1.596406	-0.053158	39
5096.685197	145.759735	1.590387	-0.053238	41
5098.740474	145.722595	1.588916	-0.053689	43
5100.796332	145.716492	1.586305	-0.054326	45
5102.852125	145.709549	1.582347	-0.054138	47
5104.908193	145.712936	1.581810	-0.055071	49
5106.964629	145.732697	1.579083	-0.055483	51
5109.021141	145.641159	1.578300	-0.056032	53
5111.078383	145.655502	1.574688	-0.056517	55
5113.135497	145.701508	1.574292	-0.056956	57
5115.192986	145.795532	1.571539	-0.057567	59
5117.250577	145.964157	1.570410	-0.057837	61
5119.307892	146.137314	1.571588	-0.058567	63
5121.365006	146.365067	1.568727	-0.059074	65
5123.421680	146.513199	1.565530	-0.059372	67
5125.478201	146.680573	1.560965	-0.059709	69
5127.534146	146.728882	1.555592	-0.060010	71
5129.590043	146.794891	1.548316	-0.060154	73
5131.645870	146.822906	1.545115	-0.060823	75
5133.701593	146.898346	1.541700	-0.061084	77
5135.757451	146.881042	1.540690	-0.061706	79
5137.813266	146.880997	1.539910	-0.062237	81
5139.868960	146.875061	1.538870	-0.062732	83
5141.924879	146.825760	1.538182	-0.063605	85
5143.980247	146.711548	1.538314	-0.064291	87
5146.035790	154.859833	1.464386	-0.100000	89
5148.090674	146.243759	1.536459	-0.065547	91
5150.145120	145.891479	1.534358	-0.066146	93
5152.199396	136.284332	1.478046	-0.100000	95
5154.253671	145.123093	1.529647	-0.067091	97
